00100000000011110000000000000000
00100001010100010000000000000000
00100001011100100000000000000000
10001101010010000000000000000000
00100000000011000000000000000000
00100000000011010000000000000000
00100000000110000000000000000001
00100001111011110000000000000001
00100000000000010000000000000001
00000001000000010100000000100010
00000001100011010111000000100000
00000001100110000110100000100000
00000001110000000110000000100000
00010101000000001111111111111010
00100001010010100000000000000100
10101101011011010000000000000000
00100001011010110000000000000100
00010101001011111111111111110001
00100010001010100000000000000000
00100010010010110000000000000000